14
C.chama    0.0000000 0.7926724 0.6555345 0.7023531 0.9585206 1.1704732 0.9973793 1.0161300 0.8887779 0.9841700 1.0434892 1.0293060 1.0661354 1.0192699 
G.chinen   0.7926724 0.0000000 0.6823405 0.7243631 0.9242151 0.9346741 0.7981577 0.7839381 0.7426570 0.8218763 0.8687909 0.9783190 0.9033561 0.8904020 
A.crist    0.6555345 0.6823405 0.0000000 0.1627425 0.8134491 0.7703229 0.7320232 0.7589794 0.7096718 0.7525010 0.7205244 0.8060077 0.7858233 0.7216775 
I.iguana   0.7023531 0.7243631 0.1627425 0.0000000 0.8838318 0.7919674 0.8109303 0.7938898 0.7777448 0.7936530 0.8035720 0.8613226 0.7668911 0.7165888 
M.muscul   0.9585206 0.9242151 0.8134491 0.8838318 0.0000000 0.7899742 0.6427873 0.6258557 0.6393983 0.6938551 0.8157869 0.7652536 0.7494297 0.7435647 
B.micro    1.1704732 0.9346741 0.7703229 0.7919674 0.7899742 0.0000000 0.5670448 0.5925399 0.5831477 0.6262728 0.5517477 0.5901740 0.6110560 0.5549096 
L.atifi    0.9973793 0.7981577 0.7320232 0.8109303 0.6427873 0.5670448 0.0000000 0.1089797 0.2527865 0.2552708 0.6295782 0.6757650 0.6643543 0.6068333 
S.salam    1.0161300 0.7839381 0.7589794 0.7938898 0.6258557 0.5925399 0.1089797 0.0000000 0.2532111 0.2410279 0.6364161 0.6747254 0.6680724 0.6143661 
P.brev     0.8887779 0.7426570 0.7096718 0.7777448 0.6393983 0.5831477 0.2527865 0.2532111 0.0000000 0.1730475 0.6101318 0.6967090 0.6386253 0.6096060 
T.carni    0.9841700 0.8218763 0.7525010 0.7936530 0.6938551 0.6262728 0.2552708 0.2410279 0.1730475 0.0000000 0.6399503 0.7151372 0.6950053 0.6539107 
L.boring   1.0434892 0.8687909 0.7205244 0.8035720 0.8157869 0.5517477 0.6295782 0.6364161 0.6101318 0.6399503 0.0000000 0.6061456 0.5819814 0.5032253 
H.marmo    1.0293060 0.9783190 0.8060077 0.8613226 0.7652536 0.5901740 0.6757650 0.6747254 0.6967090 0.7151372 0.6061456 0.0000000 0.5144122 0.4958764 
R.denny    1.0661354 0.9033561 0.7858233 0.7668911 0.7494297 0.6110560 0.6643543 0.6680724 0.6386253 0.6950053 0.5819814 0.5144122 0.0000000 0.1374889 
R.schleg   1.0192699 0.8904020 0.7216775 0.7165888 0.7435647 0.5549096 0.6068333 0.6143661 0.6096060 0.6539107 0.5032253 0.4958764 0.1374889 0.0000000 
