14
C.chama    0.0000000 1.2526752 1.0739878 0.9790939 0.9886792 1.1104112 0.7638244 0.8750678 1.1871147 1.1315533 1.0556843 1.1054158 1.0392525 0.9832205 
H.marmo    1.2526752 0.0000000 0.9047231 0.8759300 1.0831491 0.9873721 1.0598383 1.1151151 0.9396075 0.8982560 1.0093474 0.8803408 1.0790846 1.1312538 
R.denny    1.0739878 0.9047231 0.0000000 0.3194763 1.1047408 0.9825251 0.9227976 0.9725589 0.8619498 0.7609887 0.8299083 0.7859832 0.8649553 0.9146887 
R.schleg   0.9790939 0.8759300 0.3194763 0.0000000 1.0728242 0.8789674 0.7158611 0.8001456 0.7449634 0.7393845 0.7581993 0.7323531 0.8022378 0.8349089 
G.chinen   0.9886792 1.0831491 1.1047408 1.0728242 0.0000000 0.9421407 0.6438036 0.6414264 0.8647138 0.8373023 0.9445873 0.8866568 0.8458226 0.9114469 
M.muscul   1.1104112 0.9873721 0.9825251 0.8789674 0.9421407 0.0000000 0.6361086 0.6024403 0.7913292 0.6639205 0.7904422 0.7423369 0.7553023 0.7241676 
A.crist    0.7638244 1.0598383 0.9227976 0.7158611 0.6438036 0.6361086 0.0000000 0.2389415 0.7150331 0.6565726 0.7375696 0.7075262 0.7496678 0.7237827 
I.iguana   0.8750678 1.1151151 0.9725589 0.8001456 0.6414264 0.6024403 0.2389415 0.0000000 0.6960342 0.7082165 0.7286709 0.7326972 0.7382681 0.7655603 
L.boring   1.1871147 0.9396075 0.8619498 0.7449634 0.8647138 0.7913292 0.7150331 0.6960342 0.0000000 0.6748331 0.7280505 0.6699903 0.8579341 0.7940344 
B.micro    1.1315533 0.8982560 0.7609887 0.7393845 0.8373023 0.6639205 0.6565726 0.7082165 0.6748331 0.0000000 0.7078620 0.7354770 0.7823347 0.6928348 
L.atifi    1.0556843 1.0093474 0.8299083 0.7581993 0.9445873 0.7904422 0.7375696 0.7286709 0.7280505 0.7078620 0.0000000 0.2465486 0.5112682 0.4289453 
S.salam    1.1054158 0.8803408 0.7859832 0.7323531 0.8866568 0.7423369 0.7075262 0.7326972 0.6699903 0.7354770 0.2465486 0.0000000 0.5307836 0.4473284 
P.brev     1.0392525 1.0790846 0.8649553 0.8022378 0.8458226 0.7553023 0.7496678 0.7382681 0.8579341 0.7823347 0.5112682 0.5307836 0.0000000 0.4042962 
T.carni    0.9832205 1.1312538 0.9146887 0.8349089 0.9114469 0.7241676 0.7237827 0.7655603 0.7940344 0.6928348 0.4289453 0.4473284 0.4042962 0.0000000 
